109 0 3979809 1
113 0 27439171 1
115 0 1394037 1
122 0 18631215 1
135 0 8916783 1
139 0 3954720 1
144 0 3476903 1
155 0 22802944 1
178 0 2867793 1
187 0 254269 1
199 0 29170556 1
213 0 14184381 1
218 0 8080890 1
220 0 4891218 1
225 0 2837025 1
235 0 8528525 1
246 0 26057580 1
259 0 25741529 1
278 0 26640913 1
292 0 8627714 1
293 0 142456 1
320 0 1135295 1
322 0 5079650 1
323 0 33043066 1
326 0 2564151 1
330 0 3748842 1
335 0 81503 1
337 0 203993 1
343 0 56201038 1
347 0 14895549 1
355 0 8277957 1
394 0 3550033 1
397 0 19691543 1
401 0 5101168 1
406 0 24828564 1
408 0 25741529 1
418 0 3927125 1
437 0 1357923 1
440 0 7693761 1
441 0 7078738 1
445 0 19417127 1
474 0 3034262 1
484 0 7984838 1
489 0 13461141 1
495 0 3731930 1
496 0 3305282 1
520 0 12746058 1
525 0 30296521 1
551 0 27043529 1
555 0 37379963 1
562 0 14789643 1
576 0 8277957 1
584 0 55608577 1
589 0 39150898 1
595 0 8949514 1
597 0 1802400 1
601 0 4451440 1
604 0 1256587 1
607 0 3136443 1
613 0 21488473 1
614 0 357520 1
629 0 14665457 1
631 0 217599 1
635 0 5153217 1
653 0 3448857 1
657 0 157172 1
669 0 3133545 1
680 0 39715412 1
688 0 2911505 1
692 0 2542334 1
699 0 16451841 1
707 0 1803595 1
730 0 6276691 1
734 0 5989608 1
742 0 18892608 1
747 0 19828754 1
751 0 3731930 1
758 0 3954948 1
759 0 14864488 1
763 0 16742289 1
764 0 4719814 1
768 0 30332098 1
792 0 4815950 1
795 0 2271177 1
802 0 30523669 1
805 0 10225485 1
812 0 396470 1
828 0 30672517 1
866 0 17269928 1
875 0 34644206 1
880 0 3150991 1
882 0 5638157 1
894 0 2810331 1
903 0 7668946 1
909 0 23846188 1
910 0 28302332 1
925 0 26985757 1
942 0 43967340 1
944 0 31414648 1
949 0 12544603 1
950 0 1705452 1
952 0 14953996 1
956 0 3099675 1
967 0 8586619 1
971 0 9022958 1
975 0 8346205 1
986 0 27043529 1
996 0 30899685 1
1014 0 46264411 1
1015 0 4520121 1
1025 0 5329751 1
1060 0 26513864 1
1079 0 6335006 1
1093 0 12588031 1
134 0 23299382 1
157 0 34188375 1
159 0 31841081 1
168 0 58324133 1
169 0 9482929 1
176 0 31462683 1
214 0 1141726 1
252 0 21843425 1
256 0 40753112 1
265 0 6843857 1
270 0 3635829 1
271 0 7208007 1
273 0 2063551 1
279 0 7764212 1
281 0 7335449 1
290 0 29783609 1
296 0 3954720 1
299 0 155303 1
303 0 8790773 1
311 0 430740 1
321 0 5242749 1
325 0 4187903 1
341 0 15112654 1
345 0 1659954 1
346 0 2726812 1
351 0 3421818 1
353 0 24335425 1
367 0 8856020 1
371 0 7305989 1
375 0 5465765 1
423 0 54789415 1
428 0 53875003 1
436 0 4598057 1
449 0 576587 1
469 0 8328948 1
471 0 4370892 1
473 0 15770244 1
475 0 5524740 1
482 0 33082424 1
483 0 5148614 1
492 0 37734068 1
503 0 39150898 1
513 0 4705518 1
517 0 24788378 1
521 0 2911505 1
531 0 30199617 1
535 0 1141726 1
546 0 20777420 1
552 0 13114104 1
556 0 44142534 1
568 0 2035081 1
579 0 142224 1
586 0 16187297 1
609 0 2613497 1
622 0 8949514 1
623 0 25582370 1
626 0 7277067 1
627 0 3196327 1
633 0 11188650 1
637 0 1223386 1
641 0 2932845 1
644 0 24065239 1
649 0 357715 1
652 0 277667 1
659 0 35867054 1
660 0 217599 1
665 0 28715960 1
676 0 2524297 1
681 0 29097142 1
682 0 59405023 1
689 0 3213280 1
693 0 4453753 1
712 0 4863014 1
714 0 3434085 1
723 0 1131961 1
737 0 28779779 1
749 0 2671380 1
756 0 45568 1
770 0 2513971 1
773 0 53838229 1
777 0 40139437 1
832 0 16013696 1
834 0 37206425 1
836 0 1126777 1
865 0 41105877 1
868 0 2046012 1
887 0 8189879 1
888 0 14233418 1
890 0 26180482 1
893 0 36183226 1
895 0 37650220 1
902 0 25306569 1
906 0 5569730 1
926 0 2359777 1
934 0 37617532 1
959 0 534751 1
978 0 1499102 1
985 0 1397876 1
992 0 14513043 1
993 0 2162640 1
998 0 5525737 1
1008 0 37397687 1
1038 0 1331978 1
1068 0 19767434 1
1069 0 26007256 1
1072 0 50520139 1
1073 0 2982563 1
1077 0 7883438 1
1084 0 28715960 1
1090 0 7292022 1
1095 0 37314908 1
1096 0 1961602 1
1099 0 9989811 1
105 0 17112291 1
118 0 613037 1
120 0 1475272 1
132 0 11397477 1
150 0 2932845 1
171 0 3978347 1
173 0 6948099 1
190 0 5590094 1
192 0 5667757 1
201 0 22340794 1
211 0 1976777 1
212 0 30483435 1
223 0 6803954 1
224 0 24453695 1
236 0 1135295 1
245 0 1809458 1
250 0 33192425 1
263 0 4634823 1
266 0 1328188 1
275 0 12061556 1
285 0 4380331 1
287 0 4221457 1
298 0 28807164 1
302 0 47180975 1
327 0 39137596 1
328 0 28862784 1
331 0 1339563 1
334 0 37063588 1
339 0 3427588 1
342 0 2035081 1
349 0 21003194 1
356 0 8237560 1
366 0 36291706 1
369 0 213401 1
370 0 37112272 1
390 0 5254819 1
407 0 13166007 1
430 0 2349209 1
432 0 155921 1
452 0 36321904 1
456 0 4012556 1
457 0 1644858 1
460 0 53897619 1
461 0 22304155 1
464 0 176489 1
466 0 1131593 1
477 0 24073089 1
494 0 3310092 1
501 0 242542 1
505 0 1037237 1
508 0 36476543 1
518 0 11723307 1
519 0 28286160 1
522 0 36181024 1
526 0 40141710 1
533 0 4260551 1
537 0 1031292 1
545 0 448181 1
547 0 13393790 1
550 0 600807 1
565 0 545795 1
572 0 10386770 1
580 0 5651517 1
611 0 31309338 1
618 0 20461830 1
621 0 18902861 1
630 0 33477611 1
632 0 3261733 1
636 0 13672638 1
650 0 12417140 1
656 0 18467204 1
661 0 2706186 1
662 0 32467228 1
668 0 8597587 1
672 0 100700 1
691 0 3353973 1
698 0 10037860 1
701 0 10727249 1
702 0 7486668 1
709 0 177906 1
729 0 20319956 1
736 0 2269465 1
740 0 17525955 1
743 0 32635420 1
750 0 357233 1
755 0 28224334 1
783 0 1223386 1
800 0 21334072 1
822 0 6332837 1
824 0 24092656 1
833 0 7212423 1
852 0 1039329 1
859 0 4429858 1
867 0 2610454 1
869 0 37702401 1
872 0 21646685 1
873 0 1266043 1
877 0 983692 1
884 0 43983853 1
900 0 442568 1
911 0 415156 1
930 0 4186478 1
931 0 43983853 1
945 0 304725 1
965 0 350321 1
970 0 35944844 1
973 0 25102073 1
979 0 44389218 1
987 0 20179720 1
1006 0 17905510 1
1031 0 591309 1
1036 0 14086748 1
1049 0 11534107 1
1067 0 39469456 1
2001 0 9046237 1
2002 0 1203157 1
2003 0 402866 1
2005 0 2101536 1
2006 0 41282336 1
2008 0 52631552 1
2009 0 39693688 1
2010 0 3978298 1
2011 0 335069 1
2012 0 180354 1
2013 0 13267108 1
2014 0 446518 1
2015 0 5993647 1
2016 0 3036884 1
2017 0 11966958 1
2018 0 406877 1
2020 0 55738008 1
2023 0 304428 1
2024 0 476044 1
2026 0 626568 1
2028 0 598868 1
2029 0 415797 1
2030 0 67180678 1
2031 0 1075838 1
2034 0 1681972 1
2036 0 67303 1
2037 0 57963342 1
2042 0 13227977 1
2043 0 25922226 1
2044 0 37262871 1
2045 0 45376382 1
2046 0 148118 1
2047 0 40038204 1
2048 0 32296110 1
2049 0 32636040 1
2050 0 13814165 1
2052 0 37988613 1
2053 0 2848744 1
2055 0 33039125 1
2056 0 4142291 1
2057 0 1375537 1
2058 0 144415 1
2060 0 509997 1
2061 0 43962278 1
2062 0 13379536 1
2064 0 16100029 1
2066 0 59183162 1
2070 0 977559 1
2071 0 7903538 1
2073 0 16197097 1
2074 0 1412910 1
2075 0 3927125 1
2076 0 129585 1
2077 0 8862866 1
2078 0 449547 1
2082 0 1838352 1
2084 0 87418 1
2086 0 3649048 1
2087 0 236122 1
2088 0 6127781 1
2089 0 33668481 1
2091 0 1116998 1
2092 0 373445 1
2094 0 3598844 1
2095 0 13166707 1
2096 0 1129299 1
2097 0 18807384 1
2098 0 5282384 1
2099 0 10825132 1
2100 0 3945960 1
2101 0 433207 1
2102 0 38180408 1
2103 0 1009768 1
2104 0 34062366 1
2105 0 43530847 1
2106 0 63000177 1
2107 0 277006 1
2108 0 14277334 1
2109 0 66841486 1
2110 0 391011 1
2112 0 3479886 1
2114 0 23778776 1
2115 0 384805 1
2119 0 481649 1
2120 0 16205636 1
2124 0 14254953 1
2125 0 1608923 1
2126 0 2011590 1
2129 0 36834129 1
2130 0 60292990 1
2132 0 8056384 1
2133 0 167599 1
2135 0 14827551 1
2136 0 1385251 1
2137 0 253850 1
2138 0 5795244 1
2140 0 1792975 1
2141 0 634431 1
2142 0 43718681 1
2143 0 52235105 1
2144 0 144681 1
2145 0 15413504 1
2146 0 60573399 1
2147 0 1972777 1
2148 0 1929835 1
2149 0 19684158 1
2150 0 538922 1
2151 0 55602415 1
2152 0 63390409 1
2153 0 1125221 1
2154 0 51838558 1
2157 0 43592182 1
2158 0 55491226 1
2159 0 27858537 1
2160 0 3526227 1
2161 0 26981928 1
2163 0 54533 1
2164 0 8007901 1
2165 0 65866314 1
2166 0 45086775 1
2167 0 549096 1
2168 0 51394807 1
2169 0 1652111 1
2170 0 228770 1
2171 0 1673514 1
2175 0 230962 1
2177 0 71547248 1
2178 0 97052 1
2179 0 14911735 1
2180 0 55568 1
2181 0 441280 1
2182 0 3866200 1
2183 0 8816501 1
2184 0 294260 1
2185 0 167293 1
2187 0 9521131 1
2189 0 534615 1
2190 0 5139144 1
2192 0 19885541 1
2193 0 67274336 1
2194 0 55821945 1
2195 0 17260746 1
2196 0 52004386 1
2198 0 603142 1
2199 0 46710 1
2201 0 60599040 1
2202 0 45462608 1
2203 0 24083094 1
2204 0 192481 1
2205 0 1809458 1
2206 0 5140230 1
2207 0 1617127 1
2208 0 32018562 1
2209 0 56285089 1
2211 0 2286019 1
2212 0 101147 1
2213 0 39462005 1
2214 0 50749176 1
2217 0 23941708 1
2219 0 161266 1
2220 0 11686066 1
2222 0 18582416 1
2224 0 30127126 1
2225 0 1653220 1
2226 0 71740082 1
2228 0 41228882 1
2229 0 219361 1
2232 0 11544346 1
2233 0 977878 1
2234 0 73441 1
2235 0 54539 1
2236 0 12620199 1
2237 0 4950989 1
2238 0 2420742 1
2241 0 17582389 1
2242 0 15233582 1
2243 0 26713091 1
2246 0 1403888 1
2248 0 213246 1
2250 0 485566 1
2251 0 11332705 1
2252 0 2068890 1
2253 0 303960 1
2254 0 4287791 1
2255 0 1267713 1
2256 0 4511738 1
2258 0 5144767 1
2260 0 62858789 1
2262 0 44735 1
2263 0 1012515 1
2264 0 3326435 1
2266 0 418947 1
2267 0 233717 1
2268 0 26971354 1
2269 0 169321 1
2270 0 66383123 1
2271 0 25080984 1
2275 0 50562 1
2276 0 530420 1
2278 0 22863682 1
2279 0 97803 1
2281 0 10061978 1
2282 0 381305 1
2283 0 168094 1
2285 0 72185009 1
2288 0 58152262 1
2289 0 42230 1
2290 0 30941990 1
2292 0 1194465 1
2294 0 492132 1
2297 0 8264802 1
2299 0 47819324 1
2300 0 37584615 1
2301 0 488484 1
2302 0 225502 1
2303 0 9132819 1
2304 0 3842730 1
2305 0 351613 1
2306 0 1034005 1
2307 0 58058410 1
2309 0 10350045 1
2311 0 86533 1
2312 0 10780993 1
2313 0 27382757 1
2314 0 1555765 1
2315 0 37624497 1
2316 0 980836 1
2317 0 165113 1
2318 0 72067971 1
2319 0 219358 1
2320 0 1029502 1
2321 0 218873 1
2323 0 133550 1
2324 0 1681410 1
2326 0 394823 1
2327 0 14827551 1
2328 0 46932204 1
2329 0 507279 1
2330 0 188622 1
2331 0 1988806 1
2332 0 177801 1
2333 0 3715646 1
2335 0 163228 1
2339 0 2161511 1
2340 0 14814702 1
2342 0 9603944 1
2343 0 3500444 1
2344 0 275014 1
2345 0 4108752 1
2347 0 463016 1
2348 0 23955746 1
2349 0 60755404 1
2351 0 24083267 1
2353 0 55011530 1
2355 0 142660 1
2357 0 1299442 1
2358 0 5202670 1
2359 0 58932491 1
2360 0 2259232 1
2361 0 508609 1
2362 0 331052 1
2363 0 1083768 1
2364 0 4634823 1
2365 0 3038054 1
2366 0 12013209 1
2367 0 1471831 1
2368 0 19575497 1
2369 0 71457009 1
2370 0 21491340 1
2371 0 4446736 1
2373 0 20280702 1
2374 0 205013 1
2375 0 3520620 1
2376 0 84615 1
2379 0 4672611 1
2382 0 75129 1
2383 0 3523566 1
2384 0 421180 1
2385 0 11564856 1
2386 0 488793 1
2387 0 2035081 1
2389 0 156745 1
2391 0 43389156 1
2393 0 68131 1
2394 0 30656765 1
2395 0 1129462 1
2396 0 98616 1
2397 0 11467488 1
2398 0 14032644 1
2401 0 2060456 1
2403 0 58915662 1
2405 0 252534 1
2406 0 376892 1
2407 0 50864431 1
2408 0 57520782 1
2410 0 5522313 1
2411 0 26628587 1
2413 0 29595436 1
2414 0 15072865 1
2416 0 3356 1
2417 0 11393186 1
2421 0 2615928 1
2422 0 418979 1
2423 0 45051683 1
2424 0 37092015 1
2425 0 62412040 1
2426 0 355462 1
2429 0 26260043 1
2430 0 6043780 1
2431 0 101659 1
2432 0 563757 1
2433 0 3024499 1
2434 0 3936140 1
2435 0 366562 1
2436 0 2067971 1
2437 0 21589258 1
2438 0 536009 1
2440 0 594815 1
2441 0 57318774 1
2443 0 142241 1
2444 0 56606622 1
2445 0 40343640 1
2446 0 52637719 1
2447 0 72108003 1
2448 0 69236234 1
2449 0 18594320 1
2452 0 2000074 1
2453 0 46585079 1
2454 0 2338166 1
2456 0 3978347 1
2457 0 51064008 1
2461 0 46296657 1
2462 0 27668983 1
2464 0 43272496 1
2465 0 1108266 1
2466 0 56201038 1
2467 0 44611287 1
2468 0 19479460 1
2469 0 70150378 1
2470 0 187424 1
2471 0 69861 1
2472 0 1566846 1
2473 0 104492 1
2475 0 5318353 1
2476 0 53923310 1
2477 0 323715 1
2480 0 46505 1
2485 0 1289708 1
2486 0 24319139 1
2487 0 181963 1
2488 0 10721471 1
2490 0 65893026 1
2492 0 30045070 1
2493 0 52051575 1
2495 0 1359996 1
2496 0 613037 1
2497 0 61982 1
2499 0 106553 1
2501 0 9309348 1
2502 0 63741 1
2503 0 5551839 1
2504 0 17834167 1
2505 0 171939 1
2507 0 44260566 1
2508 0 31439761 1
2509 0 5707760 1
2510 0 51552400 1
2512 0 67042012 1
2513 0 21870282 1
2514 0 14884669 1
2515 0 29360653 1
2517 0 1465995 1
2518 0 2323727 1
2519 0 1065264 1
2520 0 2605391 1
2522 0 543162 1
2525 0 3032195 1
2526 0 610450 1
2529 0 15593618 1
2531 0 36709588 1
2532 0 8850968 1
2533 0 26810190 1
2534 0 170490 1
2535 0 445066 1
2536 0 541642 1
2539 0 4138142 1
2541 0 35019520 1
2542 0 2331662 1
2543 0 62770075 1
2544 0 20066145 1
2545 0 50781870 1
2546 0 428994 1
2547 0 972958 1
2548 0 1141726 1
2549 0 164502 1
2550 0 320200 1
2551 0 31724592 1
2552 0 49834236 1
2553 0 69619235 1
2554 0 89445 1
2555 0 333012 1
2556 0 4520121 1
2559 0 3592692 1
2560 0 1422901 1
2561 0 1115506 1
2562 0 6238106 1
2563 0 56201038 1
2566 0 31186339 1
2567 0 358731 1
2568 0 35249972 1
2571 0 2278550 1
2572 0 29175943 1
2573 0 29746548 1
2575 0 33983258 1
2576 0 70086878 1
2577 0 5138153 1
2579 0 39820244 1
2580 0 17564567 1
2581 0 14076686 1
2584 0 3624347 1
2586 0 39246316 1
2587 0 2424743 1
2589 0 391022 1
2591 0 375670 1
2592 0 50356122 1
2593 0 506119 1
2594 0 55732404 1
2599 0 39306741 1
